345
40
759
383
74
465
758
131
690
351
405
656
539
585
487
431
355
577
273
295
389
653
129
573
782
189
773
783
597
28
784
607
417
698
507
757
613
762
586
744
676
626
609
136
839
410
817
657
108
31
237
452
712
517
851
809
610
101
395
628
596
328
310
633
523
203
315
81
49
178
480
284
468
474
252
112
560
729
377
677
805
847
648
499
308
852
227
678
37
256
68
204
605
860
109
147
724
696
60
858
374
604
385
552
718
206
425
174
29
713
173
622
485
740
727
293
322
486
789
212
537
4
324
549
450
769
466
94
69
683
376
448
180
652
23
82
243
478
343
635
53
298
582
285
83
751
509
433
726
447
120
742
492
449
761
192
846
51
714
286
569
806
242
106
691
44
235
752
526
617
659
567
303
274
671
185
556
88
703
78
364
409
546
22
255
689
370
502
140
576
12
347
411
169
722
384
152
304
146
620
548
755
402
232
401
594
457
188
719
484
326
798
130
463
788
10
157
803
375
281
102
279
365
666
277
141
57
711
177
193
532
828
349
601
158
707
300
616
167
600
430
278
1
406
416
133
245
627
381
186
392
587
555
266
813
542
71
611
663
318
170
429
283
76
210
825
289
814
533
97
753
667
64
543
856
399
117
369
756
580
296
387
749
822
220
558
733
735
739
461
96
654
172
415
394
674
639
205
202
595
162
127
439
823
414
143
708
403
621
619
494
643
119
745
77
438
793
240
350
272
391
359
225
743
340
606
804
261
270
163
669
706
265
73
241
687
263
259
437
731
362
500
159
534
800
848
344
741
361
342
175
551
329
346
754
92
811
352
7
25
26
819
475
844
511
462
215
513
264
32
41
118
550
767
583
135
710
625
524
598
200
458
87
50
148
736
528
469
721
460
222
592
194
316
408
249
299
251
321
715
55
90
366
20
538
493
153
695
144
30
6
842
684
479
103
554
650
182
238
75
728
43
21
66
510
9
435
473
829
779
260
638
246
302
688
837
239
221
664
834
640
161
231
297
672
521
816
618
290
353
827
34
444
356
824
535
85
330
629
150
319
709
849
456
56
477
91
441
230
440
332
254
419
679
497
236
228
271
100
694
339
207
563
470
93
608
267
5
47
107
498
98
248
247
693
354
223
649
400
775
503
833
680
720
15
854
27
134
815
489
294
820
325
614
632
636
785
467
99
62
48
746
367
348
305
841
164
386
190
39
791
436
584
216
768
662
378
520
455
699
490
314
197
382
787
115
183
644
70
111
201
808
54
79
655
603
732
464
557
599
565
801
371
525
518
780
737
859
420
501
124
211
771
738
404
95
105
418
730
661
33
313
45
561
137
363
209
423
570
229
581
770
233
725
795
578
42
748
472
515
224
658
831
59
427
218
65
701
52
645
850
357
306
772
191
312
219
426
764
168
176
792
812
566
139
171
642
443
258
564
217
705
853
335
398
358
388
396
166
651
18
778
337
424
807
747
572
72
156
35
547
373
8
483
559
830
451
818
488
541
673
125
682
660
786
268
181
826
198
512
126
338
24
476
149
320
716
857
213
179
508
86
244
58
327
588
379
562
288
116
323
208
821
287
275
593
781
624
145
471
482
840
641
519
301
46
445
495
574
794
113
799
591
796
104
2
114
797
89
734
454
530
531
855
280
623
646
700
0
579
615
496
13
142
226
702
760
637
160
282
199
446
491
505
685
681
670
675
506
527
269
545
393
262
128
750
196
481
612
421
132
442
717
571
307
187
165
234
121
154
529
516
832
589
138
341
697
84
790
155
647
544
309
704
38
331
665
253
776
368
838
802
250
311
16
276
845
568
777
540
536
843
631
434
453
63
407
257
422
372
668
459
19
522
575
774
602
336
590
214
412
292
151
67
17
61
11
333
428
723
835
810
3
836
380
195
504
390
397
630
553
80
765
634
36
184
317
413
291
514
686
763
334
122
123
432
110
360
692
14
766
